A = [-2 -3 -4 -5
     5 6 7 8]
B = [1 2 3 4
     0 1 0 1]
C = [2 0 0 0
     0 -3 0 0
     0 0 4 0
     0 0 0 5]
 
e1 = [1 0]
e2 = [0 1]
v = [0,0,1,0]
w = [0,0,1,0]'

A + B
A' * B
e1 * A
B * C
C * C
C ^ 2
C ^ 3
C ^ 0